276 501 0 0
276 501 0 0
276 498 0 0
275 493 0 0
274 483 0 0
273 471 0 0
272 451 0 0
270 421 0 0
268 388 0 0
267 350 0 0
267 329 0 0
267 296 0 0
267 263 0 0
267 234 0 0
267 224 0 0
267 207 0 0
267 201 0 0
268 191 0 0
269 184 0 0
270 178 0 0
270 176 0 0
270 174 0 0
270 173 0 0
267 173 0 0
263 173 0 0
258 173 0 0
252 173 0 0
243 175 0 0
235 178 0 0
227 183 0 0
220 189 0 0
217 194 0 0
212 201 0 0
208 209 0 0
204 222 0 0
204 230 0 0
206 239 0 0
213 246 0 0
221 252 0 0
234 257 0 0
249 261 0 0
265 261 0 0
281 261 0 0
299 260 0 0
315 255 0 0
330 247 0 0
330 247 0 0
342 237 0 0
352 225 0 0
358 212 0 0
361 199 0 0
361 175 0 0
360 160 0 0
349 144 0 0
333 129 0 0
311 115 0 0
283 103 0 0
253 98 0 0
224 98 0 0
195 98 0 0
166 104 0 0
141 115 0 0
133 122 0 0
119 136 0 0
109 153 0 0
104 169 0 0
104 182 0 0
104 194 0 0
111 205 0 0
121 214 0 0
136 222 0 0
152 228 0 0
169 230 0 0
185 230 0 0
203 230 0 0
218 228 0 0
246 216 0 0
252 209 0 0
263 198 0 0
267 191 0 0
278 171 0 0
281 155 0 0
283 141 0 0
283 129 0 0
283 122 0 0
279 113 0 0
275 105 0 0
270 100 0 0
263 96 0 0
257 95 0 0
252 95 0 0
249 95 0 0
246 95 0 0
243 95 0 0
242 95 0 0
241 95 0 0
242 95 0 0
247 92 0 0
253 87 0 0
260 81 0 0
267 76 0 0
272 73 0 0
280 67 0 0
287 63 0 0
295 58 0 0
302 55 0 0
309 52 0 0
315 51 0 0
318 49 0 0
326 48 0 0
332 46 0 0
334 45 0 0
338 45 0 0
342 44 0 0
346 44 0 0
349 43 0 0
355 43 0 0
358 42 0 0
363 42 0 0
368 41 0 0
372 40 0 0
378 39 0 0
382 38 0 0
389 37 0 0
394 35 0 0
400 34 0 0
406 31 0 0
410 29 0 0
414 26 0 0
419 23 0 0
423 20 0 0
428 16 0 0
432 12 0 0
436 7 0 0
440 3 0 0
443 1 0 0
470 0 0 0
470 4 0 0
470 6 0 0
470 9 0 0
470 14 0 0
470 18 0 0
469 23 0 0
467 29 0 0
465 36 0 0
461 47 0 0
457 56 0 0
455 66 0 0
450 76 0 0
447 83 0 0
444 93 0 0
439 102 0 0
435 110 0 0
430 117 0 0
427 124 0 0
423 130 0 0
420 137 0 0
418 143 0 0
412 153 0 0
408 160 0 0
406 165 0 0
399 177 0 0
394 184 0 0
388 193 0 0
382 200 0 0
378 203 0 0
371 209 0 0
364 215 0 0
356 221 0 0
349 225 0 0
342 230 0 0
332 236 0 0
323 241 0 0
312 247 0 0
302 251 0 0
289 257 0 0
273 263 0 0
258 269 0 0
251 270 0 0
238 273 0 0
225 275 0 0
216 276 0 0
207 276 0 0
198 276 0 0
188 273 0 0
182 268 0 0
177 260 0 0
175 254 0 0
171 246 0 0
170 237 0 0
169 231 0 0
169 224 0 0
169 219 0 0
174 213 0 0
180 213 0 0
188 213 0 0
197 213 0 0
209 218 0 0
222 227 0 0
235 235 0 0
248 244 0 0
255 247 0 0
266 252 0 0
277 256 0 0
295 260 0 0
299 260 0 0
313 260 0 0
322 257 0 0
329 250 0 0
337 243 0 0
344 234 0 0
349 222 0 0
354 208 0 0
356 194 0 0
356 182 0 0
356 175 0 0
356 165 0 0
352 158 0 0
346 151 0 0
337 149 0 0
327 149 0 0
308 164 0 0
286 187 0 0
263 215 0 0
238 248 0 0
211 290 0 0
185 336 0 0
174 360 0 0
156 405 0 0
150 425 0 0
145 441 0 0
138 467 0 0
136 484 0 0
135 496 0 0
135 504 0 0
138 508 0 0
166 508 0 0
180 495 0 0
195 480 0 0
211 461 0 0
228 440 0 0
245 416 0 0
262 387 0 0
267 373 0 0
278 350 0 0
285 325 0 0
287 304 0 0
287 269 0 0
287 260 0 0
282 244 0 0
272 230 0 0
260 220 0 0
236 209 0 0
221 209 0 0
201 212 0 0
179 224 0 0
171 231 0 0
157 244 0 0
151 251 0 0
138 271 0 0
134 285 0 0
133 310 0 0
134 322 0 0
140 329 0 0
150 339 0 0
165 349 0 0
195 361 0 0
218 363 0 0
243 363 0 0
267 359 0 0
294 346 0 0
319 330 0 0
342 311 0 0
361 290 0 0
367 281 0 0
377 262 0 0
384 240 0 0
386 223 0 0
386 210 0 0
384 199 0 0
378 189 0 0
368 184 0 0
347 177 0 0
327 177 0 0
289 189 0 0
259 207 0 0
229 231 0 0
215 244 0 0
190 270 0 0
182 281 0 0
177 291 0 0
162 318 0 0
160 333 0 0
160 344 0 0
162 352 0 0
168 358 0 0
178 361 0 0
195 365 0 0
212 365 0 0
233 354 0 0
257 340 0 0
280 321 0 0
303 299 0 0
324 276 0 0
332 264 0 0
346 238 0 0
357 217 0 0
362 197 0 0
363 181 0 0
363 170 0 0
362 165 0 0
354 154 0 0
344 150 0 0
327 148 0 0
308 148 0 0
285 159 0 0
245 183 0 0
217 210 0 0
203 228 0 0
182 255 0 0
162 286 0 0
157 298 0 0
148 323 0 0
148 331 0 0
147 351 0 0
148 359 0 0
156 364 0 0
171 366 0 0
199 363 0 0
230 346 0 0
245 331 0 0
288 295 0 0
318 265 0 0
344 229 0 0
354 210 0 0
361 195 0 0
365 184 0 0
375 159 0 0
379 143 0 0
380 132 0 0
380 126 0 0
376 117 0 0
367 117 0 0
353 124 0 0
322 146 0 0
294 170 0 0
264 200 0 0
248 219 0 0
221 251 0 0
196 283 0 0
187 300 0 0
182 312 0 0
171 333 0 0
166 347 0 0
165 357 0 0
165 366 0 0
168 368 0 0
177 367 0 0
189 358 0 0
206 342 0 0
228 321 0 0
248 298 0 0
271 268 0 0
291 237 0 0
298 223 0 0
311 195 0 0
321 170 0 0
326 148 0 0
328 131 0 0
328 125 0 0
328 116 0 0
321 105 0 0
307 101 0 0
287 101 0 0
262 115 0 0
249 126 0 0
208 159 0 0
177 192 0 0
148 228 0 0
136 250 0 0
113 285 0 0
107 305 0 0
98 338 0 0
95 364 0 0
95 379 0 0
98 391 0 0
114 405 0 0
131 407 0 0
165 405 0 0
198 386 0 0
232 361 0 0
264 330 0 0
295 296 0 0
324 254 0 0
334 234 0 0
341 216 0 0
354 182 0 0
362 155 0 0
362 146 0 0
362 134 0 0
362 121 0 0
357 117 0 0
343 118 0 0
320 137 0 0
292 163 0 0
244 217 0 0
223 242 0 0
187 285 0 0
155 330 0 0
142 351 0 0
132 369 0 0
127 379 0 0
123 387 0 0
117 401 0 0
109 419 0 0
109 424 0 0
110 426 0 0
118 426 0 0
134 413 0 0
156 389 0 0
180 362 0 0
207 332 0 0
236 298 0 0
262 262 0 0
274 244 0 0
283 229 0 0
289 218 0 0
301 198 0 0
303 193 0 0
308 184 0 0
312 173 0 0
312 172 0 0
311 171 0 0
305 172 0 0
292 181 0 0
264 206 0 0
240 231 0 0
228 245 0 0
219 259 0 0
202 282 0 0
198 290 0 0
190 305 0 0
186 316 0 0
186 325 0 0
186 333 0 0
193 335 0 0
204 335 0 0
228 323 0 0
253 306 0 0
280 281 0 0
307 249 0 0
320 231 0 0
330 216 0 0
346 185 0 0
358 156 0 0
367 127 0 0
367 117 0 0
369 100 0 0
369 94 0 0
369 79 0 0
363 71 0 0
352 70 0 0
332 76 0 0
305 97 0 0
275 126 0 0
244 158 0 0
213 196 0 0
198 217 0 0
188 232 0 0
170 263 0 0
166 272 0 0
158 290 0 0
155 303 0 0
154 313 0 0
154 320 0 0
157 327 0 0
165 327 0 0
174 326 0 0
195 313 0 0
220 290 0 0
249 258 0 0
279 222 0 0
310 184 0 0
339 141 0 0
353 117 0 0
363 98 0 0
371 85 0 0
376 76 0 0
385 59 0 0
389 50 0 0
394 38 0 0
394 36 0 0
391 38 0 0
373 56 0 0
350 85 0 0
319 120 0 0
268 180 0 0
247 207 0 0
214 254 0 0
183 302 0 0
157 350 0 0
149 373 0 0
144 389 0 0
143 400 0 0
139 419 0 0
139 431 0 0
139 444 0 0
145 447 0 0
157 447 0 0
177 440 0 0
199 417 0 0
224 385 0 0
250 352 0 0
277 308 0 0
304 261 0 0
316 236 0 0
337 191 0 0
345 172 0 0
357 138 0 0
361 128 0 0
363 121 0 0
367 110 0 0
371 96 0 0
372 93 0 0
364 102 0 0
348 120 0 0
326 146 0 0
299 178 0 0
267 214 0 0
236 250 0 0
221 271 0 0
195 306 0 0
187 321 0 0
182 330 0 0
178 338 0 0
172 349 0 0
164 366 0 0
163 371 0 0
170 367 0 0
181 354 0 0
208 324 0 0
231 293 0 0
259 255 0 0
273 233 0 0
296 195 0 0
317 158 0 0
324 142 0 0
328 128 0 0
331 120 0 0
336 105 0 0
340 96 0 0
341 88 0 0
341 85 0 0
335 90 0 0
321 106 0 0
300 133 0 0
275 165 0 0
247 203 0 0
233 225 0 0
223 244 0 0
206 274 0 0
202 285 0 0
195 304 0 0
192 319 0 0
192 333 0 0
196 337 0 0
211 337 0 0
234 322 0 0
264 295 0 0
297 258 0 0
330 220 0 0
346 197 0 0
372 160 0 0
380 145 0 0
381 142 0 0
386 137 0 0
389 130 0 0
393 123 0 0
396 116 0 0
402 104 0 0
407 90 0 0
413 76 0 0
418 62 0 0
425 47 0 0
428 40 0 0
436 22 0 0
439 16 0 0
443 8 0 0
448 0 0 0
